793.7079467773438 752.9810180664062 107.99997083202376
707.2972717285156 204.36793518066406 -38.99998434073277
1393.2181396484375 308.9316711425781 143.99998153022565
987.2255554199219 518.6031494140625 -60.000003799309184
1122.6236572265625 591.3395385742188 -17.999997221498848
1278.1806030273438 197.12765502929688 -159.00002285307264
1132.6511840820312 874.4879760742188 -101.9999487856904
1021.7901306152344 928.8819580078125 -89.99997869662069
809.5390625 495.1123046875 -162.00000277850117
696.5345458984375 614.341796875 -59.99997463526367
1365.5758666992188 673.5818481445312 -5.999987827362651
1059.934814453125 191.11113739013672 -15.000018972788352
1405.031982421875 935.1220397949219 93.00004372703351
972.0716552734375 724.0617370605469 -57.00001784984704
1163.004638671875 355.9002380371094 -95.99993866725362
913.5779724121094 886.4055786132812 -63.0000227829463
1021.75634765625 341.1658020019531 0.0
1403.9144287109375 466.3173828125 -47.999969329133826
