742.7603149414062 471.8050231933594 -47.99998598501132
873.88671875 375.30894470214844 -51.00000217283302
1244.7620239257812 335.43438720703125 156.0000284792272
1264.071044921875 875.25341796875 -51.000043702886984
1394.0625 590.7054138183594 -104.9999869291982
1366.607666015625 160.43081665039062 149.99999686583624
716.112548828125 178.73914337158203 144.00000561524354
847.1309814453125 672.6798095703125 -26.999958194455367
829.9803466796875 981.91552734375 180.0
1155.4339599609375 748.9398193359375 60.000032963346754
981.8407287597656 174.84207153320312 -147.00002320018845
849.8761596679688 549.6080627441406 -33.0000116832095
1365.7308959960938 972.1446533203125 -89.9999582070911
994.8223266601562 995.4752502441406 161.99995505937153
1125.8096923828125 969.7100830078125 -111.00001238044288
1396.3008422851562 253.45730590820312 161.99999681360444
636.8865661621094 848.1190795898438 80.99998178098156
1264.5634765625 465.38795471191406 -29.999976281285093
815.1407470703125 256.45494079589844 -38.99999777643796
1018.16796875 813.7476196289062 0.0
656.03125 349.0456237792969 -90.0
1370.5220947265625 724.5189208984375 0.0
879.2416687011719 835.227783203125 -87.00001911651344
1039.325927734375 471.9830017089844 8.999986981939161
1039.8966674804688 347.230224609375 -177.00000003090793
1458.678955078125 951.1012573242188 105.00001169553403
661.9727478027344 648.9987182617188 -87.00002135119726
