1195.43994140625 201.5030517578125 114.00002519058381
1045.5541687011719 896.6344909667969 -111.0000000999093
1302.3460693359375 557.7655639648438 47.999969329133826
1011.1002502441406 571.1435852050781 33.000000055402914
940.4355163574219 1002.0372924804688 83.99999986656631
1360.1920166015625 997.4950256347656 -18.0000175261419
1102.1547241210938 461.13690185546875 -137.9999728844831
1121.7451171875 726.1719970703125 -116.99995819445536
988.7421875 261.6173858642578 107.99998732543692
1294.6234130859375 842.0037841796875 -3.000002203791724
850.4254760742188 981.7090454101562 84.00002109916241
814.152587890625 394.3833770751953 167.999999006765
682.933349609375 849.7108764648438 -108.00002463600764
1364.1064453125 467.2591247558594 -152.9999867531834
693.0528564453125 1001.107666015625 0.0
1324.4898681640625 290.4610595703125 -90.0
924.4049987792969 733.0088195800781 -96.00000236507026
1191.6949462890625 980.6229248046875 -90.0
653.1474609375 514.2356719970703 -107.99999392281038
795.648193359375 808.6661376953125 -90.0
1444.0299072265625 243.63037109375 -90.0
684.6870727539062 137.40444946289062 -161.99999566861786
1146.4803466796875 335.8038330078125 -146.99999366715693
