1187.39697265625 205.55823516845703 -165.00001344094636
666.4309692382812 343.7198028564453 -47.999993127831154
928.5 1024.5 0.0
926.9298706054688 521.6827545166016 128.99999619843194
875.8064270019531 661.287841796875 -134.9999830165435
1023.0830688476562 398.3174591064453 -110.9999686918771
911.9638671875 837.95947265625 -29.999967036653246
1406.3289794921875 316.879638671875 111.00000472944298
999.6723022460938 204.3585205078125 18.000004331382133
1187.800048828125 872.059326171875 -39.000020499940526
721.0528869628906 506.7861328125 -56.99997677836612
1342.9642944335938 740.0407104492188 -108.00002463600764
1043.0379028320312 658.1863403320312 108.00003783078027
763.9969482421875 1006.8304138183594 -176.99997647590394
666.7757263183594 635.6578674316406 -141.0000073634089
1426.4150390625 976.9697875976562 -84.00006802758111
635.8235168457031 967.041259765625 -90.00002100391426
1340.4320068359375 224.48188018798828 -50.99996106268153
769.5512084960938 787.4374694824219 132.00001401498866
892.462890625 440.07440185546875 128.99999128401396
1114.69140625 1032.9146423339844 -161.99996825413837
