820.4138488769531 371.56817626953125 42.00004258628775
1265.324462890625 330.3251647949219 -60.00002228857513
775.9740600585938 546.4540710449219 50.999997083711015
1088.38427734375 828.6253051757812 -48.00003200227228
1294.586669921875 887.1962280273438 -141.00003739082408
1386.293212890625 454.7493591308594 -68.99999527055702
877.5203247070312 928.9529113769531 -153.0000227829463
739.223876953125 774.1858520507812 -108.00002463600764
1346.0782470703125 735.5782470703125 -90.0
1018.5 676.5 0.0
1110.5443725585938 417.8572082519531 -89.99995763296538
1216.4193725585938 619.6732788085938 80.99993639874042
