915.8462524414062 272.43377685546875 56.999993667156936
922.812255859375 446.3916473388672 119.99999391177123
704.5704040527344 682.4521179199219 131.99999675050714
699.870849609375 979.1124572753906 -122.99999470504778
1041.7003479003906 632.6033020019531 110.99994493484613
1119.1429443359375 455.14599609375 144.00003584150042
728.4923095703125 224.96800994873047 78.00001055797678
1101.1192626953125 238.79358673095703 -8.999991205720859
1347.971435546875 241.79693603515625 -2.9999977343957847
1325.7685546875 503.4696502685547 -111.00000855494226
