1169.27587890625 408.82225036621094 33.00002623122237
703.6778564453125 595.1679382324219 -57.00001784984704
891.6742248535156 944.8164672851562 -36.00001125173749
772.8356323242188 244.898193359375 -81.00002408536135
1271.0032958984375 280.3426513671875 47.999953257785045
1318.820068359375 848.23828125 -90.0
1118.7870483398438 645.5029907226562 -89.99995834530756
735.1531372070312 859.888916015625 -129.00002266400958
696.6088256835938 996.9530639648438 -150.00003296334677
845.3406677246094 496.1748352050781 68.99996003701847
1044.4335327148438 345.015625 72.00003450040515
1352.8372802734375 200.16773986816406 51.00003950422881
921.748291015625 183.22034454345703 -179.99999485974232
999.9319458007812 805.9438171386719 -27.000035054966357
