1391.3270874023438 977.4041748046875 -122.99997052235689
1201.914306640625 204.5572967529297 -44.999974524811456
948.2505493164062 515.2793273925781 164.99998692304706
762.8663940429688 487.31361389160156 137.9999818090036
1029.5855407714844 268.10203552246094 141.00001565926723
1389.9634399414062 412.8233337402344 -105.00002817335533
714.7729187011719 681.5416870117188 -39.00000291628899
1135.22705078125 555.2714233398438 161.99996216921974
943.5567321777344 631.5060729980469 -17.99999576434672
926.5064697265625 748.3562622070312 0.0
752.0565795898438 227.37034606933594 56.99998785325658
1453.850341796875 239.83055114746094 -87.00004155415387
1333.015869140625 220.93295288085938 -86.99995571428357
954.7158813476562 164.8715362548828 -12.00000099323502
1129.681640625 746.2335815429688 -60.00005431286934
808.83056640625 810.4345397949219 75.00002848779478
1283.787109375 404.80738830566406 -86.99995571428357
759.6467590332031 986.5899658203125 -62.999984737768955
1351.8314208984375 594.0038452148438 75.0000075451345
959.6860046386719 854.1476745605469 -176.9999775932621
1293.6232299804688 850.9999389648438 66.00000894104312
1120.4046630859375 412.2921142578125 0.0
870.5933837890625 369.10546875 35.99998143064921
